      #Energy        TDOS-UP        TDOS-DOWN
     -10.33082       0.00000       0.00000
     -10.23682       0.00000       0.00000
     -10.14282       0.00000       0.00000
     -10.04782       0.00000       0.00000
      -9.95382       0.00000       0.00000
      -9.85982      -0.00000       0.00000
      -9.76482      -0.00000       0.00000
      -9.67082      -0.00000       0.00000
      -9.57682      -0.00000       0.00000
      -9.48182      -0.00000       0.00000
      -9.38782      -0.00000       0.00000
      -9.29382      -0.00000       0.00000
      -9.19882      -0.00003       0.00008
      -9.10482      -0.00015      -0.00002
      -9.01082       0.00134      -0.00292
      -8.91582       0.00634      -0.00796
      -8.82182       0.00952      -0.01034
      -8.72782       0.01297      -0.01463
      -8.63282       0.01505      -0.01382
      -8.53882       0.01405      -0.01682
      -8.44482       0.02240      -0.02249
      -8.34982       0.01771      -0.01609
      -8.25582       0.02010      -0.02329
      -8.16182       0.02514      -0.02419
      -8.06682       0.02473      -0.02624
      -7.97282       0.02821      -0.02675
      -7.87882       0.02193      -0.02087
      -7.78382       0.02817      -0.03384
      -7.68982       0.03877      -0.03563
      -7.59582       0.02963      -0.02899
      -7.50082       0.02862      -0.02642
      -7.40682       0.02947      -0.03513
      -7.31182       0.04750      -0.04551
      -7.21782       0.03450      -0.03217
      -7.12382       0.03756      -0.03878
      -7.02882       0.03966      -0.03795
      -6.93482       0.04254      -0.04345
      -6.84082       0.03973      -0.03724
      -6.74582       0.04625      -0.04827
      -6.65182       0.05980      -0.05778
      -6.55782       0.04221      -0.03838
      -6.46282       0.04219      -0.04147
      -6.36882       0.05107      -0.04984
      -6.27482       0.06418      -0.06295
      -6.17982       0.06539      -0.06048
      -6.08582       0.05418      -0.05246
      -5.99182       0.04889      -0.04687
      -5.89682       0.07595      -0.06467
      -5.80282       0.07201      -0.07120
      -5.70882       0.07389      -0.06575
      -5.61382       0.07047      -0.06697
      -5.51982       0.08301      -0.06639
      -5.42582       0.09672      -0.08666
      -5.33082       0.08571      -0.07294
      -5.23682       0.09816      -0.07960
      -5.14282       0.12440      -0.09222
      -5.04782       0.13090      -0.09883
      -4.95382       0.13130      -0.10300
      -4.85982       0.19200      -0.09978
      -4.76482       0.24930      -0.11060
      -4.67082       0.26510      -0.14980
      -4.57682       0.36990      -0.14810
      -4.48182       0.39370      -0.15010
      -4.38782       0.40050      -0.22800
      -4.29382       0.40450      -0.28820
      -4.19882       0.44040      -0.32900
      -4.10482       0.52210      -0.33750
      -4.01082       0.60570      -0.36690
      -3.91582       0.65450      -0.34750
      -3.82182       0.70870      -0.35940
      -3.72782       0.74990      -0.36010
      -3.63282       0.72370      -0.38190
      -3.53882       0.63670      -0.41200
      -3.44482       0.59930      -0.53030
      -3.34982       0.62220      -0.59620
      -3.25582       0.59010      -0.64900
      -3.16082       0.59670      -0.64690
      -3.06682       0.63670      -0.61720
      -2.97282       0.74970      -0.58770
      -2.87782       0.83070      -0.58950
      -2.78382       0.83350      -0.60620
      -2.68982       0.90260      -0.56360
      -2.59482       0.87650      -0.54660
      -2.50082       1.00200      -0.55780
      -2.40682       1.11100      -0.67320
      -2.31182       1.10700      -0.77460
      -2.21782       1.33400      -0.78080
      -2.12382       1.24000      -0.85180
      -2.02882       0.89800      -0.85840
      -1.93482       0.77080      -0.89060
      -1.84082       0.70840      -1.04200
      -1.74582       0.66000      -0.97530
      -1.65182       0.70480      -0.92280
      -1.55782       0.85280      -1.05800
      -1.46282       0.99710      -1.24300
      -1.36882       1.05700      -0.97040
      -1.27482       1.03400      -0.75710
      -1.17982       0.96450      -0.69450
      -1.08582       0.93470      -0.70230
      -0.99182       0.90850      -0.72560
      -0.89682       0.96510      -0.84540
      -0.80282       1.07300      -0.96430
      -0.70882       1.45800      -1.01600
      -0.61382       1.83800      -0.92290
      -0.51982       1.28100      -0.82340
      -0.42582       0.38790      -0.81130
      -0.33082       0.18000      -0.78500
      -0.23682       0.09877      -0.81540
      -0.14282       0.10020      -0.83530
      -0.04782       0.15680      -0.93250
       0.04618       0.11940      -1.19700
       0.14018       0.10900      -1.55700
       0.23518       0.13740      -1.26200
       0.32918       0.11780      -0.78820
       0.42318       0.09480      -0.31550
       0.51818       0.08937      -0.09689
       0.61218       0.14190      -0.21640
       0.70618       0.11710      -0.13110
       0.80118       0.08764      -0.09361
       0.89518       0.10380      -0.16470
       0.99018       0.12900      -0.12010
       1.08418       0.09204      -0.11920
       1.17818       0.08979      -0.15690
       1.27318       0.08423      -0.11610
       1.36718       0.10270      -0.10040
       1.46118       0.12540      -0.12150
       1.55618       0.11900      -0.12040
       1.65018       0.08242      -0.10690
       1.74418       0.07448      -0.12400
       1.83918       0.07547      -0.11530
       1.93318       0.09173      -0.09474
       2.02718       0.13360      -0.12260
       2.12218       0.10050      -0.11280
       2.21618       0.07027      -0.07256
       2.31018       0.10650      -0.09204
       2.40518       0.07465      -0.13510
       2.49918       0.07482      -0.12640
       2.59318       0.11050      -0.07658
       2.68818       0.09348      -0.10920
       2.78218       0.09300      -0.09080
       2.87618       0.09749      -0.07960
       2.97118       0.07287      -0.10650
       3.06518       0.06705      -0.08568
       3.15918       0.09123      -0.11870
       3.25418       0.09849      -0.09890
       3.34818       0.09496      -0.05639
       3.44218       0.06859      -0.09711
       3.53718       0.04156      -0.09424
       3.63118       0.09127      -0.08043
       3.72518       0.09308      -0.07420
       3.82018       0.05802      -0.06915
       3.91418       0.08353      -0.09276
       4.00818       0.07836      -0.10350
       4.10318       0.05561      -0.05098
       4.19718       0.07042      -0.06607
       4.29118       0.05462      -0.07876
       4.38618       0.05102      -0.07776
       4.48018       0.07041      -0.06344
       4.57418       0.08223      -0.06057
       4.66918       0.05023      -0.05654
       4.76318       0.04395      -0.07158
       4.85718       0.04915      -0.07775
       4.95218       0.06402      -0.04613
       5.04618       0.05120      -0.03571
       5.14118       0.06113      -0.06616
       5.23518       0.02745      -0.06707
       5.32918       0.03549      -0.05661
       5.42418       0.04796      -0.03978
       5.51818       0.03965      -0.03034
       5.61218       0.04122      -0.04699
       5.70718       0.05613      -0.03485
       5.80118       0.09045      -0.05007
       5.89518       0.09223      -0.04487
       5.99018       0.09697      -0.03775
       6.08418       0.10210      -0.04344
       6.17818       0.09079      -0.06969
       6.27318       0.09371      -0.10060
       6.36718       0.10330      -0.11390
       6.46118       0.13080      -0.09518
       6.55618       0.10820      -0.09780
       6.65018       0.11270      -0.12850
       6.74418       0.10630      -0.14770
       6.83918       0.11330      -0.11510
       6.93318       0.09611      -0.11040
       7.02718       0.10280      -0.10340
       7.12218       0.10280      -0.12040
       7.21618       0.08057      -0.10760
       7.31018       0.08702      -0.11400
       7.40518       0.13080      -0.10580
       7.49918       0.08107      -0.06012
       7.59318       0.10910      -0.12660
       7.68818       0.08169      -0.11040
       7.78218       0.05694      -0.09636
       7.87618       0.08671      -0.10420
       7.97118       0.08730      -0.05395
       8.06518       0.10050      -0.08786
       8.15918       0.09682      -0.08314
       8.25418       0.07771      -0.10160
       8.34818       0.07615      -0.09996
       8.44218       0.07574      -0.08633
       8.53718       0.06052      -0.08710
       8.63118       0.08462      -0.06975
       8.72518       0.10560      -0.06324
       8.82018       0.07336      -0.08327
       8.91418       0.06969      -0.09955
       9.00818       0.07525      -0.08600
       9.10318       0.09440      -0.06936
       9.19718       0.06399      -0.08120
       9.29218       0.06097      -0.08975
       9.38618       0.15190      -0.06920
       9.48018       0.14610      -0.05318
       9.57518       0.09308      -0.11130
       9.66918       0.07330      -0.16500
       9.76318       0.06432      -0.12570
       9.85818       0.06903      -0.06640
       9.95218       0.14860      -0.07307
      10.04618       0.20080      -0.06895
      10.14118       0.12750      -0.13030
      10.23518       0.09996      -0.20010
      10.32918       0.10110      -0.14190
      10.42418       0.09760      -0.10380
      10.51818       0.11180      -0.10750
      10.61218       0.12580      -0.10470
      10.70718       0.16500      -0.11710
      10.80118       0.13740      -0.13760
      10.89518       0.11430      -0.16790
      10.99018       0.14160      -0.13050
      11.08418       0.13280      -0.10330
      11.17818       0.08343      -0.15350
      11.27318       0.12780      -0.11750
      11.36718       0.11580      -0.10500
      11.46118       0.13500      -0.13900
      11.55618       0.15560      -0.11710
      11.65018       0.10850      -0.15430
      11.74418       0.12420      -0.13750
      11.83918       0.14350      -0.11310
      11.93318       0.11720      -0.13600
      12.02718       0.12180      -0.13380
      12.12218       0.13310      -0.11410
      12.21618       0.15020      -0.12620
      12.31018       0.12050      -0.14530
      12.40518       0.11090      -0.15460
      12.49918       0.14610      -0.11980
      12.59318       0.14990      -0.12590
      12.68818       0.13760      -0.15620
      12.78218       0.14870      -0.13510
      12.87618       0.12850      -0.14030
      12.97118       0.12190      -0.13640
      13.06518       0.10890      -0.13130
      13.15918       0.12730      -0.12680
      13.25418       0.15960      -0.12390
      13.34818       0.13540      -0.15740
      13.44318       0.12130      -0.14180
      13.53718       0.13260      -0.11230
      13.63118       0.13630      -0.12980
      13.72618       0.14500      -0.14910
      13.82018       0.20020      -0.13810
      13.91418       0.14360      -0.19350
      14.00918       0.10580      -0.16210
      14.10318       0.13170      -0.11200
      14.19718       0.12160      -0.12930
      14.29218       0.13830      -0.12670
      14.38618       0.17370      -0.15050
      14.48018       0.16380      -0.16000
      14.57518       0.14080      -0.15440
      14.66918       0.13880      -0.15590
      14.76318       0.11650      -0.15710
      14.85818       0.19090      -0.12110
      14.95218       0.17000      -0.17480
      15.04618       0.10630      -0.17680
      15.14118       0.18440      -0.12320
      15.23518       0.21960      -0.16720
      15.32918       0.12880      -0.21700
      15.42418       0.13870      -0.13700
      15.51818       0.13680      -0.14810
      15.61218       0.14840      -0.11910
      15.70718       0.16950      -0.15730
      15.80118       0.14940      -0.17580
      15.89518       0.14770      -0.14870
      15.99018       0.13150      -0.14040
      16.08418       0.09382      -0.12540
      16.17818       0.03912      -0.09044
      16.27318       0.04095      -0.04153
      16.36718       0.04809      -0.04031
      16.46118       0.01771      -0.04595
      16.55618       0.00356      -0.01536
      16.65018       0.00554      -0.00528
      16.74418       0.00218      -0.00566
      16.83918      -0.00014      -0.00030
      16.93318      -0.00005       0.00016
      17.02718      -0.00000       0.00001
      17.12218      -0.00000       0.00000
      17.21618      -0.00000       0.00000
      17.31018      -0.00000       0.00000
      17.40518       0.00000       0.00000
      17.49918       0.00000       0.00000
      17.59418       0.00000       0.00000
      17.68818       0.00000       0.00000
      17.78218       0.00000       0.00000
      17.87718       0.00000       0.00000
      17.97118       0.00000       0.00000
