    # Energy          Ni          Cr
   -10.23649     0.00000     0.00000
   -10.14249     0.00000     0.00000
   -10.04949     0.00000     0.00000
    -9.95549     0.00000     0.00000
    -9.86149     0.00000     0.00000
    -9.76749    -0.00000    -0.00000
    -9.67349    -0.00000    -0.00000
    -9.58049    -0.00000    -0.00000
    -9.48649    -0.00000    -0.00000
    -9.39249    -0.00000    -0.00000
    -9.29849    -0.00000    -0.00000
    -9.20449    -0.00024    -0.00001
    -9.11149    -0.01159    -0.00046
    -9.01749    -0.02614    -0.00103
    -8.92349     0.54952     0.02187
    -8.82949     1.07872     0.04268
    -8.73549     0.69189     0.02677
    -8.64249     0.40094     0.01581
    -8.54849     1.20837     0.04458
    -8.45449     2.09130     0.07059
    -8.36049     3.22127     0.16169
    -8.26649     2.18016     0.13244
    -8.17349     1.62103     0.07704
    -8.07949     3.07032     0.14214
    -7.98549     3.22532     0.19432
    -7.89149     2.79113     0.16325
    -7.79749     3.51333     0.17681
    -7.70449     2.85483     0.13738
    -7.61049     2.07314     0.11486
    -7.51649     2.15422     0.12656
    -7.42249     3.14674     0.10637
    -7.32849     4.68035     0.24576
    -7.23549     2.52854     0.19935
    -7.14149     3.05621     0.11602
    -7.04749     5.86063     0.29479
    -6.95349     4.14515     0.29909
    -6.85949     3.54037     0.19202
    -6.76649     5.94808     0.24034
    -6.67249     7.04295     0.39938
    -6.57849     4.47895     0.31487
    -6.48449     4.68159     0.19442
    -6.39049     6.81716     0.36647
    -6.29749     5.99388     0.39375
    -6.20349     6.19469     0.32023
    -6.10949     6.63080     0.37081
    -6.01549     5.52207     0.36412
    -5.92149     5.93240     0.32949
    -5.82849     6.37135     0.39813
    -5.73449     5.28227     0.29896
    -5.64049     5.97680     0.27820
    -5.54649     7.15468     0.37575
    -5.45249    11.87112     0.55833
    -5.35949    14.61396     0.83807
    -5.26549    11.23003     0.70240
    -5.17149    12.80434     0.71753
    -5.07749    14.24120     0.87379
    -4.98349     9.81873     0.61805
    -4.89049    11.76393     0.62380
    -4.79649    23.20480     1.14775
    -4.70249    32.98134     1.69448
    -4.60849    38.60618     2.14463
    -4.51449    44.64854     2.47889
    -4.42149    47.02793     2.66427
    -4.32749    47.22277     2.60159
    -4.23349    43.96521     2.50464
    -4.13949    53.11509     2.52120
    -4.04549    60.44859     2.64867
    -3.95249    79.70451     3.36029
    -3.85849    91.23989     3.91156
    -3.76449    92.34554     3.71559
    -3.67049    92.02343     3.75354
    -3.57649    89.24320     3.57556
    -3.48249    88.19969     3.34071
    -3.38949    84.00434     3.21787
    -3.29549    77.16368     2.99264
    -3.20149    78.49347     2.74733
    -3.10749    75.86944     2.46715
    -3.01349    70.02806     1.83596
    -2.92049    98.46728     2.21599
    -2.82649   126.35483     3.12407
    -2.73249   114.15531     3.14642
    -2.63849   106.20629     2.74823
    -2.54449   117.28952     2.79567
    -2.45149   132.64603     3.03678
    -2.35749   147.27022     3.07275
    -2.26349   151.94304     3.15478
    -2.16949   170.83557     3.35976
    -2.07549   151.84474     3.56545
    -1.98249   121.66332     3.90598
    -1.88849   116.60755     4.16872
    -1.79449   114.11271     4.19001
    -1.70049   106.15060     4.25984
    -1.60649   100.81450     4.11555
    -1.51349   109.34159     3.94832
    -1.41949   112.54573     3.27241
    -1.32549   135.25256     2.71794
    -1.23149   166.61751     3.11881
    -1.13749   153.18056     3.49040
    -1.04449   129.10398     3.32018
    -0.95049   115.78364     3.21522
    -0.85649   122.15517     3.10783
    -0.76249   142.87851     3.47117
    -0.66849   183.14311     4.14465
    -0.57549   205.04516     4.17116
    -0.48149   167.96314     4.06330
    -0.38749    82.49662     4.48366
    -0.29349    36.10779     5.14067
    -0.19949    29.81045     5.87378
    -0.10649    27.74831     6.56793
    -0.01249    24.23852     6.65603
     0.08151    23.98573     6.90984
     0.17551    20.32596     6.98533
     0.26951    19.86535     7.48577
     0.36251    21.33063     7.92197
     0.45651    20.70761     6.77498
     0.55051    18.42780     6.64555
     0.64451    14.82874     6.34779
     0.73851    15.45255     6.54403
     0.83151    17.00461     7.25110
     0.92551    15.76733     7.36105
     1.01951    13.77114     6.78544
     1.11351    13.25688     5.78437
     1.20751    12.45279     4.47025
     1.30051    12.13595     4.29666
     1.39451     9.93439     3.89290
     1.48851    12.09017     4.58018
     1.58251    13.33695     5.52592
     1.67651    11.61553     4.00260
     1.76951    11.69602     2.75024
     1.86351    11.68636     2.61827
     1.95751    10.53022     2.60929
     2.05151    10.18473     2.62949
     2.14551    13.37772     2.50921
     2.23851    10.86138     2.03879
     2.33251    11.02109     2.01647
     2.42651    10.76067     1.79672
     2.52051     9.82179     1.70972
     2.61451    11.60014     1.57408
     2.70751    12.20868     1.40742
     2.80151     8.48212     1.15012
     2.89551     9.70524     1.28792
     2.98951    12.24175     1.55824
     3.08351    11.19543     1.38491
     3.17651     7.71997     0.94552
     3.27051     8.40143     1.20159
     3.36451     9.84469     1.13536
     3.45851    10.97110     1.32723
     3.55251    10.25851     1.68507
     3.64551    10.67852     1.51424
     3.73951     9.08717     1.11338
     3.83351     7.49663     0.71447
     3.92751     6.61204     0.80337
     4.02151     6.87299     1.04849
     4.11551     4.74037     0.58059
     4.20851     8.75407     0.85487
     4.30251    10.44609     1.02712
     4.39651     4.42675     0.33618
     4.49051     8.58363     0.77608
     4.58451    13.44576     1.38628
     4.67751     9.74123     0.92475
     4.77151     5.78592     0.52250
     4.86551     7.01288     0.65268
     4.95951     7.77628     0.73013
     5.05351     6.65146     0.69522
     5.14651     6.72699     0.82086
     5.24051     7.03262     0.94391
     5.33451     3.26557     0.44563
     5.42851     3.99158     0.32804
     5.52251     5.09963     0.44146
     5.61551     5.31862     0.57881
     5.70951     3.67365     0.39612
     5.80351     4.61169     0.31612
     5.89751     9.44887     0.45251
     5.99151     7.86770     0.36694
     6.08451     9.03964     0.45834
     6.17851    11.53650     0.46164
     6.27251    10.73582     0.43597
     6.36651     8.04294     0.39341
     6.46051     8.26137     0.39047
     6.55351    11.52147     0.45664
     6.64751    13.20041     0.53689
     6.74151    15.82922     0.74973
     6.83551    14.83778     0.80808
     6.92951    13.46077     0.80099
     7.02251    13.92136     0.87812
     7.11651    13.15489     0.94433
     7.21051    14.75526     1.04393
     7.30451    11.87289     0.80828
     7.39851    10.35247     0.66642
     7.49151    13.57201     0.99125
     7.58551    14.32464     1.07399
     7.67951    13.92117     0.98583
     7.77351    12.42115     1.07236
     7.86751    14.85503     1.26896
     7.96051    13.25851     1.10421
     8.05451     7.97236     0.66848
     8.14851     7.70605     0.69311
     8.24251    10.14506     0.82005
     8.33651     9.45924     0.79059
     8.42951    10.63073     0.98382
     8.52351    10.03036     0.80075
     8.61751     9.12723     0.71718
     8.71151     8.00781     0.73679
     8.80551     6.77377     0.58965
     8.89851     8.99149     0.78142
     8.99251     9.87648     0.81260
     9.08651     7.63885     0.59152
     9.18051     9.58556     0.69301
     9.27451     9.53833     0.62549
     9.36751     9.65700     0.66771
     9.46151    10.95768     0.74650
     9.55551    13.95399     0.86890
     9.64951    13.95222     0.80593
     9.74351    10.16380     0.59845
     9.83651     8.21337     0.57025
     9.93051     6.90645     0.54121
    10.02451     7.52516     0.51955
    10.11851    11.86786     0.81833
    10.21251    14.18105     0.93320
    10.30551    13.47347     0.79577
    10.39951    13.21023     0.80341
    10.49351    10.83085     0.62827
    10.58751    13.62009     0.74912
    10.68151    13.58585     0.77239
    10.77451    14.19368     0.81425
    10.86851    15.19972     0.86026
    10.96251    17.85177     1.08120
    11.05651    18.59841     1.26000
    11.15051    16.50043     1.15168
    11.24351    16.00894     1.10880
    11.33751    14.67165     1.03243
    11.43151    15.48716     1.03090
    11.52551    17.29212     1.23856
    11.61951    19.54047     1.45678
    11.71351    15.95946     1.17416
    11.80651    16.15249     1.21594
    11.90051    15.77241     1.21150
    11.99451    14.12570     1.12314
    12.08851    14.15928     1.02221
    12.18251    13.85060     0.92463
    12.27551    14.37084     1.01892
    12.36951    14.11722     1.04833
    12.46351    15.15464     1.11378
    12.55751    14.14495     1.08217
    12.65151    15.47288     1.22808
    12.74451    14.94926     1.16057
    12.83851    14.77292     1.17848
    12.93251    14.04929     1.02341
    13.02651    14.60219     1.03735
    13.12051    12.13011     0.95344
    13.21351    10.65655     0.87941
    13.30751    11.48038     0.84151
    13.40151    16.24393     1.04679
    13.49551    19.43409     1.25120
    13.58951    14.25226     0.99280
    13.68251    16.13398     1.19435
    13.77651    18.34968     1.39308
    13.87051    15.26945     1.20687
    13.96451    12.15776     1.02105
    14.05851    12.59034     1.00262
    14.15151    15.57020     1.20504
    14.24551    12.63232     1.04436
    14.33951    14.94008     1.18016
    14.43351    15.90013     1.13955
    14.52751    14.14503     0.97055
    14.62051    17.13503     1.11885
    14.71451    18.54264     1.27981
    14.80851    17.37867     1.24816
    14.90251    16.71742     1.31384
    14.99651    16.63647     1.44260
    15.08951    16.88959     1.38737
    15.18351    13.87476     1.05018
    15.27751    12.88513     1.04771
    15.37151    13.49710     1.04962
    15.46551    14.45151     1.03354
    15.55851    14.44953     1.07753
    15.65251    14.58042     1.09472
    15.74651    15.03966     1.18799
    15.84051    13.69925     1.06615
    15.93451    15.15103     1.15350
    16.02751    14.87437     1.14787
    16.12151    15.12651     1.11771
    16.21551    14.58547     1.11176
    16.30951     8.09143     0.68902
    16.40351     5.45983     0.40114
    16.49651     4.91510     0.36993
    16.59051     1.88754     0.15851
    16.68451     0.01892     0.00328
    16.77851    -0.05453    -0.00462
    16.87251    -0.00211    -0.00018
    16.96551    -0.00001    -0.00000
    17.05951    -0.00000    -0.00000
    17.15351    -0.00000    -0.00000
    17.24751     0.00000     0.00000
    17.34151     0.00000     0.00000
    17.43451     0.00000     0.00000
    17.52851     0.00000     0.00000
    17.62251     0.00000     0.00000
    17.71651     0.00000     0.00000
    17.81051     0.00000     0.00000
    17.90351     0.00000     0.00000
