    # Energy          Ni          Cr
   -10.23649     0.00000     0.00000
   -10.14249     0.00000     0.00000
   -10.04949     0.00000     0.00000
    -9.95549     0.00000     0.00000
    -9.86149     0.00000     0.00000
    -9.76749     0.00000     0.00000
    -9.67349     0.00000     0.00000
    -9.58049     0.00000     0.00000
    -9.48649     0.00000     0.00000
    -9.39249     0.00000     0.00000
    -9.29849     0.00001     0.00000
    -9.20449     0.00117     0.00003
    -9.11149     0.02622     0.00074
    -9.01749    -0.06405    -0.00183
    -8.92349    -0.87069    -0.02465
    -8.82949    -0.98291    -0.02754
    -8.73549    -0.54636    -0.01501
    -8.64249    -0.58549    -0.01654
    -8.54849    -1.47410    -0.03555
    -8.45449    -2.28536    -0.05632
    -8.36049    -3.00466    -0.14744
    -8.26649    -1.98053    -0.12187
    -8.17349    -1.89572    -0.07268
    -8.07949    -3.14232    -0.13412
    -7.98549    -2.99833    -0.18270
    -7.89149    -3.07318    -0.16747
    -7.79749    -3.68446    -0.16006
    -7.70449    -2.39953    -0.10716
    -7.61049    -2.02730    -0.10914
    -7.51649    -2.40200    -0.12354
    -7.42249    -3.34509    -0.08552
    -7.32849    -4.14373    -0.22426
    -7.23549    -2.48513    -0.20675
    -7.14149    -3.66054    -0.11443
    -7.04749    -5.27481    -0.25468
    -6.95349    -4.06492    -0.30166
    -6.85949    -3.98447    -0.19855
    -6.76649    -5.79944    -0.20324
    -6.67249    -6.62109    -0.36160
    -6.57849    -4.54638    -0.32490
    -6.48449    -4.54481    -0.17362
    -6.39049    -6.31602    -0.31319
    -6.29749    -5.95249    -0.39107
    -6.20349    -6.13168    -0.31761
    -6.10949    -6.34911    -0.34213
    -6.01549    -5.10710    -0.33419
    -5.92149    -5.63027    -0.30366
    -5.82849    -6.21457    -0.37555
    -5.73449    -5.40770    -0.33682
    -5.64049    -5.11391    -0.20832
    -5.54649    -5.81409    -0.30647
    -5.45249    -7.42444    -0.34343
    -5.35949   -11.98801    -0.58541
    -5.26549   -11.83351    -0.78029
    -5.17149    -9.99973    -0.62882
    -5.07749   -11.58028    -0.69484
    -4.98349   -11.64449    -0.75519
    -4.89049    -9.55925    -0.65277
    -4.79649    -8.84215    -0.58201
    -4.70249   -11.49927    -0.69964
    -4.60849   -16.22007    -1.02888
    -4.51449   -22.95675    -1.44917
    -4.42149   -27.02254    -1.92659
    -4.32749   -29.02831    -2.34577
    -4.23349   -38.91707    -2.66762
    -4.13949   -45.67563    -2.88999
    -4.04549   -42.69099    -2.72607
    -3.95249   -38.67156    -2.32097
    -3.85849   -35.74332    -2.09932
    -3.76449   -42.97997    -2.44140
    -3.67049   -51.18228    -2.96177
    -3.57649   -64.84939    -3.93743
    -3.48249   -63.90124    -3.89851
    -3.38949   -67.90792    -3.47365
    -3.29549   -90.67771    -3.86454
    -3.20149   -84.86408    -3.36205
    -3.10749   -78.32796    -2.66349
    -3.01349   -78.32711    -2.50182
    -2.92049   -76.08575    -2.50176
    -2.82649   -78.78435    -2.41649
    -2.73249   -76.03093    -2.30172
    -2.63849   -70.61003    -2.24026
    -2.54449   -69.20559    -2.13451
    -2.45149   -92.63790    -2.52484
    -2.35749  -112.26085    -3.02151
    -2.26349  -103.22067    -2.78455
    -2.16949   -98.38746    -2.54837
    -2.07549  -109.78220    -2.81475
    -1.98249  -120.99338    -3.18733
    -1.88849  -127.95100    -3.26763
    -1.79449  -138.07286    -3.56756
    -1.70049  -134.86235    -3.75261
    -1.60649  -134.85734    -3.92306
    -1.51349  -154.05749    -4.04161
    -1.41949  -143.38827    -4.02035
    -1.32549  -118.36920    -3.89877
    -1.23149  -112.65134    -3.96751
    -1.13749  -103.66259    -4.17603
    -1.04449   -96.72083    -3.55492
    -0.95049  -103.85749    -3.09035
    -0.85649  -112.95822    -2.58796
    -0.76249  -134.83911    -2.51633
    -0.66849  -142.76263    -3.03649
    -0.57549  -131.92485    -3.36014
    -0.48149  -120.12484    -3.49314
    -0.38749  -105.51873    -3.84659
    -0.29349   -95.37288    -3.66129
    -0.19949  -105.68209    -3.40678
    -0.10649  -126.65983    -3.50942
    -0.01249  -140.67667    -3.38860
     0.08151  -167.71685    -3.23673
     0.17551  -180.27178    -3.35246
     0.26951  -127.96081    -4.22742
     0.36251   -69.34178    -5.30364
     0.45651   -34.29327    -6.62679
     0.55051   -26.19157    -6.70149
     0.64451   -23.17710    -5.83988
     0.73851   -22.96562    -7.04518
     0.83151   -22.75277    -8.46718
     0.92551   -22.17252    -8.77005
     1.01951   -23.38059    -8.43931
     1.11351   -21.95779    -7.64528
     1.20751   -17.49854    -6.43630
     1.30051   -17.48321    -6.82050
     1.39451   -15.85443    -7.14488
     1.48851   -15.68094    -7.94772
     1.58251   -14.18983    -6.45177
     1.67651   -13.32968    -6.52252
     1.76951   -13.98944    -6.25276
     1.86351   -13.34057    -4.14512
     1.95751   -13.88601    -4.59160
     2.05151   -11.59248    -3.21900
     2.14551   -10.58286    -1.95343
     2.23851   -12.45582    -2.15695
     2.33251   -12.01071    -2.53924
     2.42651   -15.47742    -2.83638
     2.52051   -14.53307    -2.60589
     2.61451   -10.27877    -1.95420
     2.70751   -13.14524    -2.43026
     2.80151   -11.74815    -2.17678
     2.89551   -10.40139    -1.46060
     2.98951   -11.15953    -1.23313
     3.08351   -11.48185    -1.47808
     3.17651   -10.09881    -1.29389
     3.27051   -10.81387    -1.39994
     3.36451   -11.23992    -1.44951
     3.45851    -9.16696    -1.44821
     3.55251    -9.30196    -1.38485
     3.64551   -10.94731    -1.35925
     3.73951   -11.39812    -1.46714
     3.83351   -10.37413    -1.70067
     3.92751    -9.99965    -1.22823
     4.02151    -8.67811    -0.87185
     4.11551    -8.40092    -0.87934
     4.20851    -6.52532    -0.92366
     4.30251    -6.18607    -0.79441
     4.39651    -6.46256    -0.61025
     4.49051   -10.43246    -1.08690
     4.58451    -7.66084    -0.70870
     4.67751    -7.60987    -0.63711
     4.77151   -13.96602    -1.42113
     4.86551   -10.16424    -1.01902
     4.95951    -5.95876    -0.54273
     5.05351    -7.40529    -0.67673
     5.14651    -7.38065    -0.71110
     5.24051    -6.78214    -0.73000
     5.33451    -7.77745    -0.92069
     5.42851    -7.29547    -0.96692
     5.52251    -3.59563    -0.51824
     5.61551    -3.64014    -0.31707
     5.70951    -5.25475    -0.43014
     5.80351    -5.67118    -0.59877
     5.89751    -4.28612    -0.44095
     5.99151    -3.04151    -0.31635
     6.08451    -4.16512    -0.38064
     6.17851    -5.98426    -0.34392
     6.27251   -10.93334    -0.50027
     6.36651    -8.64467    -0.34086
     6.46051    -9.10607    -0.32136
     6.55351   -12.14202    -0.50752
     6.64751    -9.32968    -0.39235
     6.74151    -7.71662    -0.33490
     6.83551   -12.94375    -0.50421
     6.92951   -16.48738    -0.65223
     7.02251   -15.66575    -0.73115
     7.11651   -14.23469    -0.87069
     7.21051   -14.85826    -0.97750
     7.30451   -15.29117    -1.02602
     7.39851   -14.48560    -1.00816
     7.49151   -13.71620    -0.91751
     7.58551   -11.71688    -0.77277
     7.67951   -14.23844    -1.00010
     7.77351   -14.58171    -1.11566
     7.86751   -13.91676    -0.99837
     7.96051   -13.31865    -1.07595
     8.05451   -15.96030    -1.38819
     8.14851   -13.26592    -1.13001
     8.24251    -8.06573    -0.64364
     8.33651    -7.97886    -0.69184
     8.42951    -9.75501    -0.78351
     8.52351   -10.64135    -0.87122
     8.61751   -11.24208    -1.00324
     8.71151   -10.04751    -0.77645
     8.80551    -9.13673    -0.76420
     8.89851    -8.41951    -0.77039
     8.99251    -6.86598    -0.60488
     9.08651    -9.39896    -0.81474
     9.18051    -9.58325    -0.75566
     9.27451    -8.28729    -0.60713
     9.36751   -10.49027    -0.72428
     9.46151    -9.70325    -0.65108
     9.55551    -7.83804    -0.56658
     9.64951    -9.80351    -0.69607
     9.74351   -14.92568    -0.93281
     9.83651   -14.22153    -0.80783
     9.93051   -10.05120    -0.56233
    10.02451    -8.53887    -0.57021
    10.11851    -6.66350    -0.49810
    10.21251    -7.82959    -0.54268
    10.30551   -13.20426    -0.90128
    10.39951   -14.42630    -0.90846
    10.49351   -13.63065    -0.77412
    10.58751   -12.87262    -0.76961
    10.68151   -12.07291    -0.67908
    10.77451   -14.55464    -0.79995
    10.86851   -13.83151    -0.76786
    10.96251   -14.46409    -0.80531
    11.05651   -15.72663    -0.88595
    11.15051   -19.77052    -1.22397
    11.24351   -17.89310    -1.21241
    11.33751   -16.70221    -1.13764
    11.43151   -15.70384    -1.11037
    11.52551   -15.12076    -1.00769
    11.61951   -16.52447    -1.10186
    11.71351   -18.65562    -1.36892
    11.80651   -18.59789    -1.34211
    11.90051   -16.35041    -1.14557
    11.99451   -17.03514    -1.27874
    12.08851   -14.58626    -1.16907
    12.18251   -14.77463    -1.08363
    12.27551   -13.93066    -0.92860
    12.36951   -14.60572    -1.00169
    12.46351   -13.98621    -1.03110
    12.55751   -15.24189    -1.09724
    12.65151   -14.92385    -1.09412
    12.74451   -15.28072    -1.20405
    12.83851   -15.09752    -1.14525
    12.93251   -15.95987    -1.24069
    13.02651   -14.46361    -1.08318
    13.12051   -14.48289    -1.02867
    13.21351   -12.58152    -0.96285
    13.30751   -10.53705    -0.86608
    13.40151   -11.39947    -0.83920
    13.49551   -15.55963    -1.00974
    13.58951   -19.50570    -1.23331
    13.68251   -15.09876    -1.02230
    13.77651   -16.71852    -1.18713
    13.87051   -18.18779    -1.34407
    13.96451   -15.77191    -1.24274
    14.05851   -12.02588    -0.99430
    14.15151   -12.65165    -1.02323
    14.24551   -15.42362    -1.20430
    14.33951   -13.29028    -1.05052
    14.43351   -15.60751    -1.16943
    14.52751   -16.46713    -1.16147
    14.62051   -15.61773    -1.03333
    14.71451   -16.38526    -1.10702
    14.80851   -17.51540    -1.24161
    14.90251   -17.95984    -1.26191
    14.99651   -16.96643    -1.29919
    15.08951   -16.12031    -1.34588
    15.18351   -17.55856    -1.38549
    15.27751   -14.27700    -1.13499
    15.37151   -12.65480    -1.07535
    15.46551   -13.07237    -1.03468
    15.55851   -14.38483    -0.99464
    15.65251   -14.95952    -1.06634
    15.74651   -14.80314    -1.12855
    15.84051   -14.64048    -1.17452
    15.93451   -12.81123    -1.00290
    16.02751   -15.42185    -1.15868
    16.12151   -14.58246    -1.09291
    16.21551   -15.73111    -1.13066
    16.30951   -14.18304    -1.13466
    16.40351    -7.52528    -0.62731
    16.49651    -5.35251    -0.37997
    16.59051    -4.58295    -0.33405
    16.68451    -1.50072    -0.11881
    16.77851     0.02417     0.00048
    16.87251     0.04193     0.00337
    16.96551     0.00146     0.00012
    17.05951     0.00001     0.00000
    17.15351     0.00000     0.00000
    17.24751     0.00000     0.00000
    17.34151     0.00000     0.00000
    17.43451     0.00000     0.00000
    17.52851     0.00000     0.00000
    17.62251     0.00000     0.00000
    17.71651     0.00000     0.00000
    17.81051     0.00000     0.00000
    17.90351     0.00000     0.00000
